1059
1242
1769
1946
2150
2549
2846
2993
3201
3213
3258
3519
3590
3609
3615
3651
3773
3775
3956
3964
4038
4054
4190
4263
4282
4330
4338
4399
4419
4502
4542
4552
4640
4742
4773
4777
4846
5023
5038
5113
5210
5476
5509
5654
5679
6074
6092
6119
6124
6132
6141
6178
6216
6262
6358
6364
6391
6421
6431
6437
6464
6479
6485
6612
7104
7108
7140
7150
7169
7170
7193
7201
7214
7217
7220
7237
7579
7582
7616
7633
7636
7657
7659
7675
7682
7686
7702
7728
7742
7757
7776
8158
8159
8160
8161
8162
8163
8164
8166
8167
8168
8169
8170
8171
8172
8178
8180
8181
8182
8183
8184
8185
8186
8187
8188
8189
8190
8191
8192
8193
8194
8195
8196
8197
8198
8199
8200
8201
8202
8203
8204
8205
8206
8207
8209
8210
8211
8212
8213
8217
8222
8227
8228
8229
8230
8231
8232
8233
8234
8235
8236
8237
8240
8243
8244
8245
8247
8248
8249
8251
8289
8290
8300
8302
8305
8308
8311
8314
8321
8322
8323
8324
8325
8326
8327
8331
8332
8387
8389
8391
8403
8408
8409
8412
8414
8415
8436
8461
8516
