1001748779
1018361269
103461519
1036297951
1049735031
105980555
1060082378
1072499734
1084532176
1084604152
1126757059
1139469213
1141075619
1147723658
1156133430
1169719625
1182455195
1184653884
1218589494
1225947802
1234128875
1240871306
1245973847
1253623235
126276963
1276526791
1301535012
1324514055
1324664027
1340687653
1343319280
1354266131
1359927283
1362015512
1370515670
14016319
1439409056
1452895412
1496892131
1514794398
1527706029
1530961528
1532633968
1535213836
154215138
1560006455
156995602
1581346053
1593150881
1606503414
1607202972
1632168929
1639372129
1651421245
1691202220
1691590287
1708536520
1718568147
1721067133
1746929503
1752965911
1754031506
1760111885
1790567793
179888774
1847978808
1850968752
189062216
189335050
1936540434
1937138466
1953248322
1967357790
1972734523
1980422981
1994677428
1997662715
2004009724
2007236882
2008605748
2021828639
2028983084
2029375981
2029902540
2053306537
2070606917
209087680
2107547248
214715729
2154562864
2164004102
2176926726
2183191739
2190174073
2190833977
2200760145
2204111137
2204571890
221116065
2228470619
2232888250
2249779960
2250800429
2277959904
2280904544
2299863494
230013788
2311436178
2311811032
2357208246
2357405339
2372342006
2397405626
2404699902
2410151878
24148356
2430372732
2435515800
2447224811
2485683856
2488736387
2502343884
2504147202
2540684130
2549797095
2550781990
255123889
2551804183
2558997302
2567027987
2573334520
2579606012
2584427029
2597070668
2603834977
260676580
262170254
2648842661
2667057248
2689107057
2689977414
2694152216
2697660235
2704972459
2705833823
2713785857
2719941446
2721560707
2736345420
2738682282
2774042468
2802924318
2808189831
2826236660
2838306942
2847101731
2861685841
2883680023
2884723940
2889758250
2898291405
2920714538
2931402603
2975895382
3012285892
3019393479
302992393
3062394297
3062747507
3073449842
3091828991
3146567693
3154614172
3158098637
3173303223
3176134714
3176888201
3195650647
3204213742
3212226731
3218273088
3219322728
3229587912
323753343
3240599857
3283679446
3291858379
3299079478
3305581491
3309220408
3324069804
3362712699
3368685503
3372458189
3393818393
3474687176
3522503497
3542540266
3556712823
3563627350
3574852503
3579383198
3586748594
3596771757
3623738290
3624632776
362488960
3635356750
3642541582
3662229893
367011683
3688932496
3700556413
3707079626
3729362923
3769283408
3823950083
3825365377
3852364061
3878856075
3893556986
3893782616
3894411613
3920620008
3921522300
3985780136
400451609
400883470
4018420266
4025214910
402682394
4060012531
4074228937
4096178481
4104794000
4106021035
4118477972
4132208642
414702351
4151380891
4159660047
416059210
4160895627
4175366791
4180041627
4187943595
4213704810
4237658727
4253119535
4259475193
4261539586
4276496853
436206845
451402951
463152573
473799190
474086009
474281434
476625416
490617328
509849415
522870177
566502422
574296883
584645351
591586540
594844958
59982477
603578795
615611580
62474997
639665975
641768463
644501727
645493227
664450039
666674917
674524038
685542585
69248557
694376128
720854925
756942405
759958373
771005786
776967928
809660776
835018886
838852744
845574893
852229192
867352253
867892000
873175644
896391410
904953019
966170130
