1005332609
1008348595
1017475257
1019258300
1023537164
1026908870
1027273132
103461519
1036297951
105980555
1061867378
1065082005
1118289613
112044560
1136046048
1144694954
1171346531
1175415373
1175763119
1186001637
1207467862
12136807
1214728740
1215249613
1243262483
1246600336
1248650525
1253884077
1255059518
1293735522
1294866030
1306402995
1308093046
1308204500
13108823
1330221822
1343994605
1352768053
1387992048
1393783785
1400890297
1403694620
141341221
1426175519
1430771524
1444324270
1446885159
1466566718
1466567647
1477278074
1489631879
1495856236
1506742641
1507292094
1507386460
1509188376
1511399480
153511603
1543857135
1544377080
1564802368
156995602
1572806540
158242931
1584616107
1617366619
1632506823
1637866682
1638885170
1648516131
1667177237
1668968282
1676436105
1687599512
1693698062
1699151039
1704043312
1709139281
170999599
1712920939
1715045118
1725570001
1735017473
1744994136
1773545994
1780685716
1795129347
1799071428
181599084
1818664273
1822403484
1824780003
1829403761
1836352580
1837898832
1844815703
1850968752
1858705662
1870096725
1878209100
188644686
189062216
1892547992
1906904840
1914313405
1918739336
192699479
1930238687
1931882093
1933643553
1937141465
1941033758
1947366291
1953953044
1959586311
1960617884
197111553
1971769635
1974313485
1980659905
1990901854
1994447644
2000981607
2003820775
2010378213
2011209634
2018498845
2028983084
2030199729
2036195337
2045554735
2047678082
2049798001
2051964721
2057302445
2074189017
208772184
2091870300
2093699014
2111038809
2116666074
2121259716
2122644428
2123089860
2127062376
2156665280
216286414
2164738323
2176926726
2178104441
2183067486
2185232736
2188346346
2190174073
2192155362
2195627370
2209388229
2236335084
2239676113
2240319763
2277959904
2303393022
2314869981
2316425460
2325385552
2327085618
232923418
2333268926
2336238356
2340856954
2355291730
2361901665
2362315972
2371903107
2376476187
2388256559
2392332294
2394593721
2405711292
2413617442
2419608476
2423033530
2435872427
2438065420
244211325
2445747259
2447896134
245268166
2474922425
2478557346
2482206358
2485488396
2486425165
2509868446
2517597761
2518219270
2519623596
2545580484
2548625630
255196687
2555061133
2559619244
2561769262
2568744528
2575007904
2600205575
2605785193
2618022672
2621367923
2628802985
2636496950
2659568889
2666683761
2668463736
267632557
2677843751
2678830141
2698930203
269925201
2704972459
2729470325
273342155
2736345420
2740257755
2741392081
2743640685
2754165903
2772504843
2773647317
278108244
2783173695
2788499525
2793947782
2798788552
2803773334
2806917582
2808189831
2808222414
280846303
2810122617
2812327257
28270295
2848341786
2848947335
2852454288
287168727
2883680023
2888460657
2911075186
2917914772
2927498098
2930199297
2935397821
2941615105
2945311687
2945406515
2947028959
298008521
2980153920
2980187703
2980294853
2986338575
3003368844
301237157
3026032920
30288963
302992393
3034195453
3036007025
305396852
3062394297
3065453118
3067798574
3071563237
3077813557
30783136
3087336913
3090881304
3094693034
3104349855
3111041205
3118271006
313303408
3135700978
3139017184
3142179953
3147559792
3148988201
31529420
3153417945
3156312012
3180251783
3193093785
3195650647
3203536780
320438475
3215542955
3275793518
3277468076
3279768097
3281561014
3287504415
330025195
3309463881
3339585745
3352493161
3368685503
3371895968
3379954631
338340903
3396165856
3403390376
3429343515
3449088692
3466110805
3470242052
3476835920
3488344429
3496209058
350114445
3510487271
3523953269
3525520126
3534010284
3546917786
3567367622
3570376027
3573282471
3576577508
3579383198
3586748594
3596771757
3596987443
3618866804
3624632776
362488960
3649428206
3655973760
3657519975
367011683
3692378330
3695087479
369760955
3700919594
3705466441
3707264175
3707627731
370846900
3720682954
3722837204
3742677016
3788200710
3788745273
3790368685
3808568192
3812542502
3831080228
3835755903
3848805612
3860018795
3869707687
3893782616
3894498186
3908620041
3921548739
3928150069
3930193361
3933038924
3934450251
3938823841
3939124746
3950416441
395262224
3972057159
3983160366
3988881286
3995558204
4002347833
4015205394
4027486101
4031437408
4035153071
4037605539
4044732997
4049235421
4050280301
406111000
4074642295
4079391922
4109100625
4109287000
4109659188
412361661
4127720443
4139049782
4144321202
414686080
4147265174
4150433259
4157430319
416465140
416919488
4181192309
4185351836
4185781311
4191939344
4200061691
4200578856
4207632686
4215855445
4216417536
4217262726
4229149780
4240111611
4249681435
4249845735
4256415481
4261888723
426536043
4269908248
4275215466
4278906896
42881060
444004288
45399408
456016787
459581019
469124728
474086009
477252290
484572717
488259947
490617328
504357809
515109718
530793764
544488714
561761509
567722354
573391795
573716792
574042071
611268118
611698550
615611580
621874820
625025501
625459258
664450039
666674917
666822169
671333671
672506184
684700587
686628076
691030109
691649518
694376128
702841976
718803412
719925773
72633382
738922167
751736402
77459949
796572489
809660776
833139444
851760236
854492573
857537815
859811456
871813254
873175644
899606806
904953019
911460547
922096364
93332615
950754218
950841145
953524022
955045871
962184618
962561063
966170130
990409981
995293357
